m360: 55.32996733585993 minutes 
 tandt: 1.9868214925130207e-08 minutes 
 db: 26.472347740332285 minutes
