m360: 32.31077392896017 minutes 
 tandt: 39.303280127048495 minutes 
 db: 2.384185791015625e-08 minutes
