m360: 0.24473832050959268 minutes 
 tandt: 0.7332926313082377 minutes 
 db: 1.5894571940104166e-08 minutes
