m360: 7.947285970052083e-09 minutes 
 tandt: 0.0 minutes 
 db: 3.973642985026042e-09 minutes
